Epoch: 2500, Crossover: 0.85, Mutation: 0.008, Rule Count: 15, Population: 100

[BEST RULE BASE]
RULE: [(0.1965715661207177, 0.4043714302772551), (0.3486701793555498, 0.5671074630783065), (0.1371699015511799, 0.4302781434411406), (0.6023990602456688, 0.7166377279824431), (0.02735372384401898, 0.3986840268536454), (0.15015906344729163, 0.787215809365207)] 0
RULE: [(0.48970809456889214, 0.9945079255782541), (0.5002333388500232, 0.9913002291463933), (0.0016112924160320528, 0.9982258746763305), (0.014179323727083522, 0.9982237664882949), (0.001819134126241552, 0.9959576863708774), (0.49638527516517333, 0.9972599138183561)] 1
RULE: [(0.16802692863742968, 0.5814482348015613), (0.6669160034550206, 0.8904688132681624), (0.17990788751630102, 0.423753901748387), (0.5129954882666821, 0.5188623761916397), (0.3787811243368275, 0.49971843648788006), (0.07257387257408643, 0.3499722709413997)] 1
RULE: [(0.4857804812654991, 0.9994806837000372), (0.005619702109947354, 0.4953432967207087), (0.0021195693641923186, 0.9995955382620062), (0.004465412831736737, 0.9983661515192827), (0.4995570980711457, 0.9967898572599109), (0.0025106078247077723, 0.9988871857651798)] 1
RULE: [(0.0014280929383231195, 0.5016727845257853), (0.006836763806554652, 0.4981893317319954), (0.4996733054002669, 0.9904968073548582), (0.00504925648997348, 0.917661274382545), (0.025107965717132974, 0.9970683839436868), (0.010048884197953016, 0.9627620233495244)] 1
RULE: [(0.8069154533680343, 0.83825162046992), (0.15773493710144232, 0.848769040297161), (0.32883366739251235, 0.6242451513563112), (0.12980448997192012, 0.4343218258641267), (0.8210997074400314, 0.8702580095634647), (0.2964281939030854, 0.4828881205832499)] 1
RULE: [(0.13432179218136792, 0.7347784583206116), (0.10634788785801813, 0.8626912325681998), (0.06233406100670289, 0.3371285720481439), (0.02731622580957116, 0.4019041276642074), (0.0021289778014251387, 0.4776925775206949), (0.30019390592235, 0.7550512148405091)] 0
RULE: [(0.00472078779148466, 0.5952263889134946), (0.00027666864251879586, 0.5002638954369841), (0.033298112973962624, 0.5159488722348244), (0.2801761675393413, 0.9970052860950339), (0.006511396222146772, 0.9973766849492033), (0.025674086462109745, 0.9990577045444023)] 0
RULE: [(0.1124012894742504, 0.196368974029859), (0.1842633827455216, 0.7526121534198946), (0.4836556671814439, 0.9684882839068785), (0.16726782233143295, 0.3006538927493607), (0.35655279378404203, 0.6388325758972675), (0.3996203654161946, 0.9114716477740605)] 1
RULE: [(0.0013380669526981206, 0.49534591449527565), (0.000921503736637146, 0.9942267004902009), (0.012312750006251802, 0.9931185188399928), (0.504684215189116, 0.9919819240678328), (0.0027456987375238592, 0.9918294923500774), (0.0013046256811317797, 0.9999696412160659)] 1
RULE: [(0.6153650779809868, 0.7336479718235581), (0.29696701946786835, 0.5731398809829905), (0.6370489901709088, 0.7707741727015691), (0.3657688554856157, 0.5497277035702538), (0.6613250492310708, 0.8257200135528504), (0.37003191924990947, 0.5425184378017953)] 0
RULE: [(0.27919971476410066, 0.8662278785517471), (0.6408746007653386, 0.9001115143230204), (0.35882747831460104, 0.4323975042551247), (0.5790486273959581, 0.5967737911578517), (0.6247348110806773, 0.7547793694198284), (0.10090270407856507, 0.9157964548540635)] 0
RULE: [(0.1111509539468706, 0.31654398547245355), (0.19319812462407263, 0.5089752373381089), (0.32923553656355775, 0.9424648338116929), (0.515910597994113, 0.697956813995051), (0.04925463591364478, 0.7564290240682431), (0.18538342239917116, 0.6196705840759575)] 0
RULE: [(0.5348897124676533, 0.9977769767128286), (0.5047827171875907, 0.9997199943004964), (0.008833170481392637, 0.997661755390715), (0.0407445067313303, 0.837830547046145), (0.017795709753349875, 0.97787543860516), (0.0012094944918688497, 0.8456180340161472)] 0
RULE: [(0.0012715277657581112, 0.991240695915628), (0.005766750159474542, 0.9992061323076774), (0.0010792348588184036, 0.9950063158248964), (0.003188767218440325, 0.9930133277179833), (0.005899260786604833, 0.9993238423799209), (0.0023627887768215283, 0.9973859365554563)] 0
TEST COMPLETE: PASSED: 956 FAILED: 44 | OVERALL: 95.6


Epoch: 2500, Crossover: 0.9, Mutation: 0.008, Rule Count: 10, Population: 100

[BEST RULE BASE]
RULE: [(0.4975812856981999, 0.9811017675561353), (0.0006696758464757591, 0.5056512229423444), (0.4829804803977166, 0.9967444833033972), (0.029666892459225744, 0.9751742831612897), (0.001144343261205688, 0.4996061244159613), (0.009861870518324094, 0.9952706069821379)] 0
RULE: [(0.5070305881116838, 0.9983299799056011), (0.4957847755698109, 0.9962717728996586), (0.009010058431935641, 0.9956352784461472), (0.026041397937325024, 0.999891084692807), (0.03417589540699275, 0.9774319386627225), (0.00037366355088293973, 0.5025169091713244)] 0
RULE: [(0.005296018999653984, 0.9875545613128), (0.0021329790507382054, 0.499046807631653), (0.5052104116122161, 0.9997634588980135), (0.02603497253549133, 0.9780867334875439), (0.0037811864701028375, 0.9949783911868862), (0.0036467755765078325, 0.9993150298835107)] 1
RULE: [(0.4855908652051419, 0.9945215163339561), (0.01061628081475366, 0.9887918978932904), (0.006683227812877248, 0.9827488033651852), (0.006170665016079588, 0.9819149379312577), (0.5101732196682319, 0.9921003338191147), (0.0022866821803656755, 0.9947940315598366)] 1
RULE: [(0.4955408471198752, 0.9953223250346963), (0.5067589850284101, 0.9597843312240648), (0.012895889565330658, 0.9829174975628596), (0.017378116821073056, 0.7977509507064718), (0.004489575524551065, 0.7028238237811019), (0.39205644370226894, 0.9940922931644329)] 1
RULE: [(0.0020557655339628472, 0.9638794774851134), (0.4995862013521072, 0.9981098120415), (0.007629111726232797, 0.9943185279110196), (0.5023355422020375, 0.9999648737447211), (0.003142437740992453, 0.9959581739026045), (0.00420977806755948, 0.993417717698085)] 1
RULE: [(0.000608903604456295, 0.0812500494058709), (0.27217786855114845, 0.9347803401959768), (0.366523407204472, 0.9866423247862182), (0.45127666234256325, 0.5425641570888602), (0.2167705201392607, 0.9957515291042588), (0.1554603063745863, 0.7732976013230007)] 1
RULE: [(0.002400087184090339, 0.9940866383813208), (0.007434789770881349, 0.9992115049960855), (0.007290975833230642, 0.9895011110621372), (0.0041130805523244725, 0.9953192251695195), (0.0020222827683408356, 0.9994470207749458), (0.0019187422650982153, 0.9922191823407035)] 0
RULE: [(0.5826288628616328, 0.7039100607840314), (0.5131792537981005, 0.5760315374565238), (0.22807004401340064, 0.854862924343671), (0.2616938555127629, 0.5291403358180455), (0.27081988496424375, 0.28806715733512384), (0.7813041615826919, 0.8816641454063524)] 0
RULE: [(0.4671658168594375, 0.8078972684268476), (0.02649460856474887, 0.03269289501015829), (0.40608756933609064, 0.5685674789345824), (0.13981048286965095, 0.40374843461049637), (0.26671537380662635, 0.512308813920623), (0.18600202664217586, 0.9452814221954461)] 1
TEST COMPLETE: PASSED: 946 FAILED: 54 | OVERALL: 94.6